  1     3.4096E-33     1.9951E-24      3.5742345127266867E-01      1.2405301863075955E+00     -8.9561892987016778E-01      9.2980288186562776E-01      1.2530423811406661E+00      3.1072730444155316E-01      8.9561892986755487E-01     -9.2980288186831772E-01      0.0000000000000000E+00      0.0000000000000000E+00     -1.2530423811457547E+00     -3.1072730444480884E-01     -3.5742345127602959E-01     -1.2405301863127123E+00
  2     1.6623E-32     9.5934E-23     -1.1799923820525573E+00      4.5123670856686504E-01      1.1799923820541605E+00     -4.5123670855923093E-01     -5.9214718819871581E-01     -1.5484759060316922E+00     -2.8920365092840988E-01     -7.5627292390193190E-01      5.9214718818928735E-01      1.5484759060153557E+00      2.8920365091941613E-01      7.5627292388143674E-01      0.0000000000000000E+00      0.0000000000000000E+00
  3     3.1856E-32     3.9495E-24     -6.1119882553436988E-01     -6.1205482068202866E-01      1.3274320141807402E-01     -1.4321561977950703E+00      4.0928125076207289E-01      1.2566717380514245E+00      1.2560977028315985E+00      4.1103960926379979E-01      7.4777677673057508E-01     -5.0131348117470564E-01     -5.0235953191788396E-01      7.4707443733293655E-01     -1.4323405743081841E+00      1.3073871498552070E-01
  4     3.3704E-32     2.1101E-24     -3.2999591715383830E-01     -1.3435248634357950E+00      1.3715749579933529E+00     -3.5914074266984675E-01      8.4523777812971945E-01      8.5480570075327444E-01     -3.7455607636065430E-01      1.3674456786656384E+00      3.2727629758186016E-01     -4.9615932802399659E-01     -4.9981163275156898E-01      3.2167092736261754E-01     -1.3397254074566405E+00     -3.4509737266970480E-01
  5     1.4628E-31     1.8190E-21      2.1768655209865867E-01      1.1289286708859716E+00     -3.4735496043490627E-01     -1.8013927366156501E+00     -1.0583658501287985E-01     -5.4887154993180154E-01     -2.1768655210511342E-01     -1.1289286709194464E+00      0.0000000000000000E+00      0.0000000000000000E+00      3.4735496042910435E-01      1.8013927365855613E+00      1.0583658500607082E-01      5.4887154989648934E-01
  6     2.4840E-31     3.5920E-24      7.9316421270937942E-01      8.9412636704326509E-01      6.9521311085370896E-01     -9.7223976418880487E-01     -1.0482043936460568E+00      5.7431609564306396E-01     -2.0452634523895413E-01      1.1775994236882714E+00     -3.2666937141284291E-01     -1.1497210750257516E+00      1.1935859408835578E+00     -6.2642080842138598E-02     -1.1025631541663503E+00     -4.6143896633546211E-01
  7     9.1584E-28     2.3896E-24      1.1378565984916842E+00     -9.6976359220138397E-01     -5.1951826318221539E-01      1.0102457397215288E-01      1.1164835037579848E+00      5.7232765821293841E-01     -1.3653553367324782E+00      6.0906803228785711E-01     -7.1995062758600004E-01     -1.1414700439177679E+00      3.5502062546232109E-02      1.2541267743238600E+00      3.1498206269050955E-01     -4.2531340268803342E-01
  8     1.0461E-27     2.2136E-24      1.0244371698353292E+00      5.5697454600936724E-01     -8.0165979604186843E-01     -1.2110683281773007E+00      1.1251311564699149E-01      1.1606174902401984E+00      1.2680581745199024E+00     -6.1991273512198397E-01      2.2919524437992639E-01     -7.3541932591154091E-01     -1.0660268949475586E+00      9.2512160951198907E-01     -7.6651701340823830E-01     -7.6313256565149062E-02
  9     4.5224E-27     2.8771E-24      3.2092805033838395E-01     -1.1784904273030641E+00      1.1312746733640430E-02      6.5858940412060363E-01      1.5016872081527073E+00     -3.4477620683740906E-01     -7.9519096704080627E-01     -8.7658208610295807E-01     -1.2040921326440328E+00      2.0493080989502074E-01      6.5437577720391105E-01      7.5235122559507650E-02     -4.8902068275512917E-01      1.4610933836584203E+00
 10     2.6083E-26     3.3130E-24     -1.4755830433998389E+00      3.8340167270669251E-01     -4.6516029869145159E-02      1.2553427355586078E+00     -6.0254655887168396E-01      6.1242501917548466E-02      2.6054200015152053E-02     -7.0313289446233240E-01      5.9067587029513181E-02     -1.5940755585341284E+00      1.4431620397256182E+00      4.9155415538848596E-01      5.9636180535112326E-01      1.0566738740554923E-01
 11     1.5823E-25     7.2119E-24     -8.7675190280507020E-01      1.4265678050401636E+00     -1.1395644217647103E+00     -4.0070650682926734E-01      1.5485764586511391E-01      1.9369609936782561E-01     -3.9394237687659334E-01      7.4235940863877825E-01      1.5845697434509760E+00     -5.4122853729510756E-01     -1.4003511265240035E-01     -1.1998178791763618E+00      8.1086642477053561E-01     -2.2087038975168904E-01
 12     6.5595E-23     1.0885E-22     -1.0162255502365181E+00      5.1070070202261203E-02      3.1424943730007066E-01      1.5037277349241029E-01      9.6730588904223824E-01      3.1566095418523205E-01     -3.4267773397807738E-01      6.2742732689144709E-02      1.5646263777954908E-01     -1.1729374664187566E+00      1.6925773117117349E+00      5.2760156796208324E-01     -1.7716919916879079E+00      6.5489367874092597E-02
 13     1.2236E-22     1.4321E-22      1.5065978437448773E+00      5.9929553081007558E-01      7.4028822716295151E-01      2.8809856261557104E-01     -3.0476866338892694E-01     -1.6324022910605365E+00     -1.1205963882835587E-02     -6.0021397462214458E-02     -1.5557867217186402E-01     -8.3331067592027586E-01     -1.1888665279678112E+00      1.1025373348923058E+00     -5.8646624352156551E-01      5.3580293609497165E-01
 14     4.3184E-24     6.4601E-22     -1.3132549259800137E+00      9.7363502962703197E-01     -6.5297064881667721E-01      4.8410638668844647E-01      1.4998201327101608E+00      6.5049461262447139E-01     -1.8656520677091945E-01     -1.6241296423216331E+00     -9.2763104631302745E-02     -8.0754236310792682E-01      0.0000000000000000E+00      0.0000000000000000E+00      7.4573375344116899E-01      3.2343597641676292E-01
